15 40 
25
2 3 7 34 
4 12 0 0 
2 7 0 23 
4 11 0 12 
2 6 9 34 
5 9 8 10 
1 4 12 25 
5 4 0 36 
2 11 13 10 
4 26 4 0 
1 6 12 19 
3 8 2 26 
4 2 7 32 
4 8 8 19 
2 6 0 30 
2 3 2 23 
1 3 12 29 
4 3 5 37 
7 10 8 0 
5 5 7 27 
3 2 2 34 
3 1 5 26 
4 8 11 32 
2 11 13 21 
2 10 5 27 
----------
==========
Finished in 37s 563msec
Running model1.mzn with ins-34.dzn
15 41 
25
2 5 6 35 
4 6 7 24 
3 2 2 39 
2 13 9 0 
4 13 11 0 
5 13 4 0 
3 7 4 26 
3 13 4 13 
3 9 0 23 
5 3 8 35 
5 3 10 38 
3 11 10 13 
2 11 11 24 
3 11 7 13 
2 9 0 32 
4 12 0 0 
2 12 13 13 
2 6 4 33 
4 11 0 12 
2 1 8 38 
4 1 5 40 
4 5 7 30 
2 11 13 25 
2 2 13 36 
2 7 2 32 
----------
15 40 
25
2 5 6 31 
4 6 0 23 
3 2 6 24 
2 13 9 0 
4 13 11 0 
5 13 4 0 
3 7 12 33 
3 13 9 13 
3 9 12 24 
5 3 2 37 
5 3 7 37 
3 11 12 13 
2 11 4 25 
3 11 6 13 
2 9 0 29 
4 12 0 0 
2 12 4 13 
2 6 8 31 
4 11 0 12 
2 1 2 36 
4 1 4 36 
4 5 6 26 
2 11 10 26 
2 2 0 38 
2 7 2 29